{
 "cells": [
  {
   "cell_type": "markdown",
   "id": "24cfe5c8-3c96-4fa4-9316-c21f2589859e",
   "metadata": {},
   "source": [
    "## Verifying treecorr patch stochasiticity's effect on jackknife\n",
    "\n",
    "- Defining patches in catalogue affects resulting values due to different numerical realization\n",
    "- Stochasticity in patches has significant bearing on resulting tangential shear values of similar order to \n",
    "    signal magnitude \n",
    "- Tried adding patches into catalogues to see if it boosted SNR"
   ]
  },
  {
   "cell_type": "code",
   "execution_count": 1,
   "id": "aaa0bc68-c30d-44e6-ac15-ff91d395abd8",
   "metadata": {
    "tags": []
   },
   "outputs": [],
   "source": [
    "import numpy as np\n",
    "import treecorr\n",
    "import des_functions as des\n",
    "from more_itertools import locate\n",
    "import time\n",
    "import astropy.io.fits as fits \n",
    "import matplotlib.pyplot as plt\n",
    "\n",
    "plt.rcParams['figure.facecolor'] = 'white'\n",
    "plt.rcParams['font.family'] = 'serif'\n",
    "plt.rcParams['font.serif'] = ['cmr10']\n",
    "plt.rcParams['mathtext.fontset'] ='cm'\n",
    "data_dir = '/home/b7009348/WGL_project/DES-data/'"
   ]
  },
  {
   "cell_type": "code",
   "execution_count": 4,
   "id": "3cfc4a87-722f-4308-a4c3-fdfb572647f2",
   "metadata": {},
   "outputs": [
    {
     "name": "stdout",
     "output_type": "stream",
     "text": [
      "Patches saved, runtime=1.197099.\n"
     ]
    }
   ],
   "source": [
    "#des.create_patches(lens_file=lens_file, npatches=npatches)"
   ]
  },
  {
   "cell_type": "code",
   "execution_count": 2,
   "id": "07355c1e-06fb-4158-a91a-c623ca348ed3",
   "metadata": {},
   "outputs": [],
   "source": [
    "lens_file = 'DES_Y1A1_Lenses_z=0.3-0.45.fits'\n",
    "rand_file = 'DES_Y1A1_3x2pt_redMaGiC_RANDOMS.fits'\n",
    "im3_file = 'y1_im3_shapes_matched.fits'\n",
    "mcal_file = 'y1_mcal_shapes_matched.fits'\n",
    "z_file = 'mcal_BPZ_(binning).fits'"
   ]
  },
  {
   "cell_type": "code",
   "execution_count": 3,
   "id": "1a67317e-043e-4b37-84f7-d0617975435f",
   "metadata": {},
   "outputs": [],
   "source": [
    "npatches= 20\n",
    "sep_bins = 20\n",
    "theta_min = 2.5\n",
    "theta_max = 250.0\n",
    "slops = [0]"
   ]
  },
  {
   "cell_type": "code",
   "execution_count": null,
   "id": "de0bada2-39a8-46e6-8d56-f6786279664b",
   "metadata": {
    "collapsed": true,
    "jupyter": {
     "outputs_hidden": true
    },
    "tags": []
   },
   "outputs": [
    {
     "name": "stdout",
     "output_type": "stream",
     "text": [
      "Catalogues created, runtime=34.486082.\n",
      "Patch 0 located and sliced, calculating correlations...\n",
      "WARNING: Some patch numbers do not contain any objects!\n",
      "The following patch numbers have no objects: {0}\n",
      "This may be a problem depending on your use case.\n",
      "WARNING: Some patch numbers do not contain any objects!\n",
      "The following patch numbers have no objects: {0}\n",
      "This may be a problem depending on your use case.\n",
      "WARNING: Some patch numbers do not contain any objects!\n",
      "The following patch numbers have no objects: {0}\n",
      "This may be a problem depending on your use case.\n",
      "WARNING: Some patch numbers do not contain any objects!\n",
      "The following patch numbers have no objects: {0}\n",
      "This may be a problem depending on your use case.\n",
      "IA signal estimated, runtime=1746.303084.\n",
      "Patch 1 located and sliced, calculating correlations...\n",
      "WARNING: Some patch numbers do not contain any objects!\n",
      "The following patch numbers have no objects: {1}\n",
      "This may be a problem depending on your use case.\n",
      "WARNING: Some patch numbers do not contain any objects!\n",
      "The following patch numbers have no objects: {1}\n",
      "This may be a problem depending on your use case.\n",
      "WARNING: Some patch numbers do not contain any objects!\n",
      "The following patch numbers have no objects: {1}\n",
      "This may be a problem depending on your use case.\n",
      "WARNING: Some patch numbers do not contain any objects!\n",
      "The following patch numbers have no objects: {1}\n",
      "This may be a problem depending on your use case.\n",
      "IA signal estimated, runtime=1743.220381.\n",
      "Patch 2 located and sliced, calculating correlations...\n",
      "WARNING: Some patch numbers do not contain any objects!\n",
      "The following patch numbers have no objects: {2}\n",
      "This may be a problem depending on your use case.\n",
      "WARNING: Some patch numbers do not contain any objects!\n",
      "The following patch numbers have no objects: {2}\n",
      "This may be a problem depending on your use case.\n",
      "WARNING: Some patch numbers do not contain any objects!\n",
      "The following patch numbers have no objects: {2}\n",
      "This may be a problem depending on your use case.\n",
      "WARNING: Some patch numbers do not contain any objects!\n",
      "The following patch numbers have no objects: {2}\n",
      "This may be a problem depending on your use case.\n",
      "IA signal estimated, runtime=1763.158661.\n",
      "Patch 3 located and sliced, calculating correlations...\n",
      "WARNING: Some patch numbers do not contain any objects!\n",
      "The following patch numbers have no objects: {3}\n",
      "This may be a problem depending on your use case.\n",
      "WARNING: Some patch numbers do not contain any objects!\n",
      "The following patch numbers have no objects: {3}\n",
      "This may be a problem depending on your use case.\n",
      "WARNING: Some patch numbers do not contain any objects!\n",
      "The following patch numbers have no objects: {3}\n",
      "This may be a problem depending on your use case.\n",
      "WARNING: Some patch numbers do not contain any objects!\n",
      "The following patch numbers have no objects: {3}\n",
      "This may be a problem depending on your use case.\n",
      "IA signal estimated, runtime=1754.022098.\n",
      "Patch 4 located and sliced, calculating correlations...\n",
      "WARNING: Some patch numbers do not contain any objects!\n",
      "The following patch numbers have no objects: {4}\n",
      "This may be a problem depending on your use case.\n",
      "WARNING: Some patch numbers do not contain any objects!\n",
      "The following patch numbers have no objects: {4}\n",
      "This may be a problem depending on your use case.\n",
      "WARNING: Some patch numbers do not contain any objects!\n",
      "The following patch numbers have no objects: {4}\n",
      "This may be a problem depending on your use case.\n",
      "WARNING: Some patch numbers do not contain any objects!\n",
      "The following patch numbers have no objects: {4}\n",
      "This may be a problem depending on your use case.\n",
      "IA signal estimated, runtime=1726.472696.\n",
      "Patch 5 located and sliced, calculating correlations...\n",
      "WARNING: Some patch numbers do not contain any objects!\n",
      "The following patch numbers have no objects: {5}\n",
      "This may be a problem depending on your use case.\n",
      "WARNING: Some patch numbers do not contain any objects!\n",
      "The following patch numbers have no objects: {5}\n",
      "This may be a problem depending on your use case.\n",
      "WARNING: Some patch numbers do not contain any objects!\n",
      "The following patch numbers have no objects: {5}\n",
      "This may be a problem depending on your use case.\n",
      "WARNING: Some patch numbers do not contain any objects!\n",
      "The following patch numbers have no objects: {5}\n",
      "This may be a problem depending on your use case.\n"
     ]
    }
   ],
   "source": [
    "start=time.time()\n",
    "\n",
    "with fits.open(data_dir+lens_file) as hdu:\n",
    "    data = hdu[1].data\n",
    "    ra_l = data['RA']\n",
    "    dec_l = data['DEC']\n",
    "    w_l = data['weight']\n",
    "del data\n",
    "\n",
    "cat_l = treecorr.Catalog(ra=ra_l, dec=dec_l, ra_units='deg', dec_units='deg', w=w_l, patch_centers=data_dir+'jackknife_patch_centers')\n",
    "\n",
    "del ra_l, dec_l, w_l\n",
    "\n",
    "with fits.open(data_dir+rand_file) as hdu:\n",
    "    data = hdu[1].data\n",
    "    indexes = list(locate(data['z'], lambda x: 0.3 < x < 0.45))\n",
    "    ra_r = data['RA'][indexes]\n",
    "    dec_r = data['DEC'][indexes]\n",
    "    rand_z = data['z'][indexes]\n",
    "del data\n",
    "\n",
    "cat_r = treecorr.Catalog(ra=ra_r, dec=dec_r, ra_units='deg', dec_units='deg', r=rand_z, patch_centers=data_dir+'jackknife_patch_centers')\n",
    "\n",
    "del indexes, ra_r, dec_r, rand_z\n",
    "\n",
    "with fits.open(data_dir+mcal_file) as hdu:\n",
    "    data = hdu[1].data\n",
    "    ra_s = data['ra']\n",
    "    dec_s = data['dec']\n",
    "    e1 = data['e1']\n",
    "    e2 = data['e2']\n",
    "    R11 = data['R11']\n",
    "del data\n",
    "\n",
    "cat_mcal = treecorr.Catalog(ra=ra_s, dec=dec_s, ra_units='deg', dec_units='deg', r=R11, g1=e1, g2=e2, patch_centers=data_dir+'jackknife_patch_centers')\n",
    "\n",
    "del ra_s, dec_s, e1, e2, R11\n",
    "\n",
    "with fits.open(data_dir+im3_file) as hdu:\n",
    "    data = hdu[1].data\n",
    "    im3_ID = data['coadd_objects_id']\n",
    "    ra_s = data['ra']\n",
    "    dec_s = data['dec']\n",
    "    e1 = data['e1'] - data['c1']\n",
    "    e2 = data['e2'] - data['c2']\n",
    "    sens = data['m'] + 1.0\n",
    "    w = data['weight']\n",
    "del data\n",
    "\n",
    "with fits.open(data_dir+z_file) as hdu:\n",
    "    data = hdu[1].data\n",
    "    zmc = data['z_mc']\n",
    "    zmc_ID = data['coadd_objects_id']\n",
    "del data\n",
    "\n",
    "matches, zmc_indices, shape_indices = np.intersect1d(zmc_ID, im3_ID, return_indices=True)\n",
    "\n",
    "zmc = zmc[zmc_indices]\n",
    "\n",
    "del zmc_ID, matches, zmc_indices, shape_indices, im3_ID\n",
    "\n",
    "cat_im3 = treecorr.Catalog(ra=ra_s, dec=dec_s, ra_units='deg', dec_units='deg', r=zmc, g1=e1, g2=e2, w=w, \n",
    "                           patch_centers=data_dir+'jackknife_patch_centers')\n",
    "cat_k = treecorr.Catalog(ra=ra_s, dec=dec_s, ra_units='deg', dec_units='deg', k=sens, w=w, patch_centers=data_dir+'jackknife_patch_centers')\n",
    "\n",
    "del ra_s, dec_s, e1, e2, sens, zmc, w\n",
    "\n",
    "end = time.time()\n",
    "diff=end-start\n",
    "\n",
    "print('Catalogues created, runtime=%f.'%diff)\n",
    "\n",
    "IA_final = np.zeros([len(slops),sep_bins])\n",
    "IA_sig = np.zeros_like(IA_final)\n",
    "\n",
    "log_shift = np.logspace(np.log10(0.025), np.log10(2.5), 20)\n",
    "    \n",
    "IA_jk, IA_sig = des.IA_jackknife(cat_l=cat_l, cat_r=cat_r, cat_mcal=cat_mcal, cat_im3=cat_im3, cat_k=cat_k, sep_bins=sep_bins, npatches=npatches, fbins=810,\n",
    "                                    theta_min=theta_min, theta_max=theta_max, bin_slop=slops[0])\n",
    "\n",
    "IA_final, theta = des.IA_full(cat_l=cat_l, cat_r=cat_r, cat_mcal=cat_mcal, cat_im3=cat_im3, cat_k=cat_k, sep_bins=sep_bins, fbins=810, \n",
    "                                  theta_min=theta_min, theta_max=theta_max, bin_slop=slops[0])                           \n",
    "\n",
    "\n",
    "plt.figure(figsize=[6,5])\n",
    "plt.errorbar(theta, IA_final, yerr=IA_sig, lw=0, marker='o', color='orange', markersize=5, elinewidth=1, capsize=3)    \n",
    "plt.yscale('log')\n",
    "plt.xscale('log')\n",
    "plt.ylim([1e-6, 1e-2])\n",
    "plt.xlim([2.5,250])\n",
    "plt.xlabel(r'$\\theta$ (arcmin)')\n",
    "plt.ylabel(r'$\\bar{\\gamma}_{IA}(\\theta)$')\n",
    "plt.title(r'$0.30<z_{l}<0.45$')    \n",
    "plt.legend(['Bin slop = 0'])\n",
    "plt.savefig('IA_patches_BinSlop=0_patches.png', dpi=300)\n",
    "    \n",
    "print(IA_final, IA_sig) \n",
    "\n",
    "del cat_l, cat_r, cat_im3, cat_mcal, cat_k"
   ]
  },
  {
   "cell_type": "code",
   "execution_count": 5,
   "id": "4f314ecd-41ba-4c51-95f9-c2ea999835c0",
   "metadata": {},
   "outputs": [],
   "source": [
    "jackknife_values = np.load(data_dir+'ia_jackknife_values-bin_slop=0_(patches).npz')"
   ]
  },
  {
   "cell_type": "code",
   "execution_count": 6,
   "id": "453abe2e-0921-45f0-9b45-438555e309ee",
   "metadata": {},
   "outputs": [],
   "source": [
    "cov = jackknife_values['IA_cov']"
   ]
  },
  {
   "cell_type": "code",
   "execution_count": 7,
   "id": "38c1f7a5-0cb7-4725-8acc-3d792798e779",
   "metadata": {},
   "outputs": [
    {
     "name": "stdout",
     "output_type": "stream",
     "text": [
      "[[ 3.04306410e-07  1.38887996e-07  7.54709636e-08  4.25352933e-08\n",
      "   1.97701905e-08  9.23477657e-08  3.40063109e-08  1.25461945e-08\n",
      "   1.99949133e-08 -8.47713723e-09  1.08938654e-10  4.94679463e-09\n",
      "   2.74579735e-08  5.93440827e-09  1.17129974e-08  1.20188328e-08\n",
      "   1.64784285e-09  5.48865857e-09  7.76374991e-09  7.32301883e-09]\n",
      " [ 1.38887996e-07  2.59213522e-07  1.60305253e-07  8.82778507e-08\n",
      "   9.39250162e-08  1.24833707e-07  5.93240095e-08  1.66384108e-08\n",
      "   5.29588147e-08  2.45172757e-08  2.10201388e-08  1.54031519e-08\n",
      "   4.23101884e-08  2.16177234e-08  2.64468442e-08  3.24722963e-08\n",
      "   2.21793877e-08  2.08754690e-08  1.36513742e-08  1.25525380e-08]\n",
      " [ 7.54709636e-08  1.60305253e-07  3.26460863e-07  7.76499183e-08\n",
      "   1.00155653e-07  9.26002216e-08  7.78123439e-08  2.19348428e-08\n",
      "   5.84344044e-08  5.09774264e-08  1.69618028e-08  2.90107150e-08\n",
      "   4.24027661e-08  1.06906048e-08  2.22449448e-08  3.66304490e-08\n",
      "   3.03278029e-08  2.70747662e-08  1.25644103e-08  1.27922059e-09]\n",
      " [ 4.25352933e-08  8.82778507e-08  7.76499183e-08  9.87887381e-08\n",
      "   3.45377834e-08  8.16930190e-08  3.41278846e-08  8.23926306e-09\n",
      "   2.88421776e-08  8.96265706e-09  4.60497743e-09  1.77990244e-08\n",
      "   2.26212443e-08  1.84458307e-08  9.84980681e-09  1.09659022e-08\n",
      "   1.48240122e-08  1.48015591e-08  9.57049937e-09  8.17419719e-09]\n",
      " [ 1.97701905e-08  9.39250162e-08  1.00155653e-07  3.45377834e-08\n",
      "   7.84954281e-08  4.59504095e-08  3.79496518e-08  1.25257571e-08\n",
      "   2.03102353e-08  2.19133518e-08  9.92107327e-09  5.27414967e-09\n",
      "   1.82164440e-08  7.04918125e-09  1.24596650e-08  1.83587532e-08\n",
      "   1.48985240e-08  1.25681643e-08  6.95269969e-09  4.48718998e-09]\n",
      " [ 9.23477657e-08  1.24833707e-07  9.26002216e-08  8.16930190e-08\n",
      "   4.59504095e-08  1.25039077e-07  4.39123067e-08  8.35231464e-11\n",
      "   3.07491137e-08  1.17103599e-08  9.39010899e-09  1.81670762e-08\n",
      "   3.57771267e-08  2.44561703e-08  1.68995458e-08  1.89524513e-08\n",
      "   1.76004688e-08  1.91638274e-08  1.26137433e-08  1.10643203e-08]\n",
      " [ 3.40063109e-08  5.93240095e-08  7.78123439e-08  3.41278846e-08\n",
      "   3.79496518e-08  4.39123067e-08  4.47328159e-08  1.55149246e-08\n",
      "   1.15785628e-08  1.47230649e-08  1.12704671e-08  1.25515907e-08\n",
      "   1.72590202e-08  6.42821334e-09  8.42128124e-09  1.02481347e-08\n",
      "   8.73855043e-09  7.91219494e-09  3.97346715e-09  1.28110250e-09]\n",
      " [ 1.25461945e-08  1.66384108e-08  2.19348428e-08  8.23926306e-09\n",
      "   1.25257571e-08  8.35231464e-11  1.55149246e-08  3.80991498e-08\n",
      "   1.01298167e-08  5.15567597e-09  1.04878517e-08 -4.48698464e-11\n",
      "   4.44616361e-10 -1.14504186e-09  1.91068051e-09  5.45154804e-09\n",
      "   1.77687651e-09 -1.67370007e-09 -2.90868291e-09 -3.13955512e-09]\n",
      " [ 1.99949133e-08  5.29588147e-08  5.84344044e-08  2.88421776e-08\n",
      "   2.03102353e-08  3.07491137e-08  1.15785628e-08  1.01298167e-08\n",
      "   2.52433702e-08  9.85070745e-09  3.23560849e-09  4.59587330e-09\n",
      "   1.18687001e-08  5.76882898e-09  6.62892370e-09  1.21197296e-08\n",
      "   1.06965952e-08  8.70027049e-09  3.52118357e-09  1.49241629e-09]\n",
      " [-8.47713723e-09  2.45172757e-08  5.09774264e-08  8.96265706e-09\n",
      "   2.19133518e-08  1.17103599e-08  1.47230649e-08  5.15567597e-09\n",
      "   9.85070745e-09  1.95792101e-08  5.28053368e-09  5.94588647e-09\n",
      "   7.84382954e-09  1.52777502e-09  2.76602915e-09  7.07160945e-09\n",
      "   7.10815658e-09  4.74713715e-09  1.52649764e-09 -1.40652333e-09]\n",
      " [ 1.08938654e-10  2.10201388e-08  1.69618028e-08  4.60497743e-09\n",
      "   9.92107327e-09  9.39010899e-09  1.12704671e-08  1.04878517e-08\n",
      "   3.23560849e-09  5.28053368e-09  1.46035007e-08  8.82577893e-09\n",
      "   8.12695064e-09  4.02279251e-09  6.22649332e-09  6.57393967e-09\n",
      "   2.73077959e-09  1.57442721e-09  1.56007840e-09  1.90775746e-09]\n",
      " [ 4.94679463e-09  1.54031519e-08  2.90107150e-08  1.77990244e-08\n",
      "   5.27414967e-09  1.81670762e-08  1.25515907e-08 -4.48698464e-11\n",
      "   4.59587330e-09  5.94588647e-09  8.82577893e-09  1.53572948e-08\n",
      "   1.02972913e-08  6.77757105e-09  5.46109870e-09  4.96501723e-09\n",
      "   4.33856162e-09  5.69001399e-09  3.81841875e-09  3.31324583e-09]\n",
      " [ 2.74579735e-08  4.23101884e-08  4.24027661e-08  2.26212443e-08\n",
      "   1.82164440e-08  3.57771267e-08  1.72590202e-08  4.44616361e-10\n",
      "   1.18687001e-08  7.84382954e-09  8.12695064e-09  1.02972913e-08\n",
      "   1.85474828e-08  9.62369794e-09  9.46752737e-09  9.18516930e-09\n",
      "   8.61263589e-09  8.58373204e-09  5.33753769e-09  4.61178244e-09]\n",
      " [ 5.93440827e-09  2.16177234e-08  1.06906048e-08  1.84458307e-08\n",
      "   7.04918125e-09  2.44561703e-08  6.42821334e-09 -1.14504186e-09\n",
      "   5.76882898e-09  1.52777502e-09  4.02279251e-09  6.77757105e-09\n",
      "   9.62369794e-09  1.04333496e-08  6.28501182e-09  3.89928122e-09\n",
      "   3.43027882e-09  6.22435963e-09  4.54828846e-09  5.69685518e-09]\n",
      " [ 1.17129974e-08  2.64468442e-08  2.22449448e-08  9.84980681e-09\n",
      "   1.24596650e-08  1.68995458e-08  8.42128124e-09  1.91068051e-09\n",
      "   6.62892370e-09  2.76602915e-09  6.22649332e-09  5.46109870e-09\n",
      "   9.46752737e-09  6.28501182e-09  7.44618515e-09  6.97685490e-09\n",
      "   3.90234656e-09  4.86202430e-09  3.58399368e-09  3.76882674e-09]\n",
      " [ 1.20188328e-08  3.24722963e-08  3.66304490e-08  1.09659022e-08\n",
      "   1.83587532e-08  1.89524513e-08  1.02481347e-08  5.45154804e-09\n",
      "   1.21197296e-08  7.07160945e-09  6.57393967e-09  4.96501723e-09\n",
      "   9.18516930e-09  3.89928122e-09  6.97685490e-09  1.10522744e-08\n",
      "   6.46963884e-09  5.97803121e-09  3.60079403e-09  2.24905239e-09]\n",
      " [ 1.64784285e-09  2.21793877e-08  3.03278029e-08  1.48240122e-08\n",
      "   1.48985240e-08  1.76004688e-08  8.73855043e-09  1.77687651e-09\n",
      "   1.06965952e-08  7.10815658e-09  2.73077959e-09  4.33856162e-09\n",
      "   8.61263589e-09  3.43027882e-09  3.90234656e-09  6.46963884e-09\n",
      "   7.84472390e-09  5.75698122e-09  2.15482413e-09  8.41470077e-10]\n",
      " [ 5.48865857e-09  2.08754690e-08  2.70747662e-08  1.48015591e-08\n",
      "   1.25681643e-08  1.91638274e-08  7.91219494e-09 -1.67370007e-09\n",
      "   8.70027049e-09  4.74713715e-09  1.57442721e-09  5.69001399e-09\n",
      "   8.58373204e-09  6.22435963e-09  4.86202430e-09  5.97803121e-09\n",
      "   5.75698122e-09  7.71069949e-09  4.38920648e-09  3.95444209e-09]\n",
      " [ 7.76374991e-09  1.36513742e-08  1.25644103e-08  9.57049937e-09\n",
      "   6.95269969e-09  1.26137433e-08  3.97346715e-09 -2.90868291e-09\n",
      "   3.52118357e-09  1.52649764e-09  1.56007840e-09  3.81841875e-09\n",
      "   5.33753769e-09  4.54828846e-09  3.58399368e-09  3.60079403e-09\n",
      "   2.15482413e-09  4.38920648e-09  3.53538545e-09  3.69813737e-09]\n",
      " [ 7.32301883e-09  1.25525380e-08  1.27922059e-09  8.17419719e-09\n",
      "   4.48718998e-09  1.10643203e-08  1.28110250e-09 -3.13955512e-09\n",
      "   1.49241629e-09 -1.40652333e-09  1.90775746e-09  3.31324583e-09\n",
      "   4.61178244e-09  5.69685518e-09  3.76882674e-09  2.24905239e-09\n",
      "   8.41470077e-10  3.95444209e-09  3.69813737e-09  5.17366275e-09]]\n"
     ]
    }
   ],
   "source": [
    "print(cov)"
   ]
  }
 ],
 "metadata": {
  "kernelspec": {
   "display_name": "Python 3",
   "language": "python",
   "name": "python3"
  },
  "language_info": {
   "codemirror_mode": {
    "name": "ipython",
    "version": 3
   },
   "file_extension": ".py",
   "mimetype": "text/x-python",
   "name": "python",
   "nbconvert_exporter": "python",
   "pygments_lexer": "ipython3",
   "version": "3.8.0"
  }
 },
 "nbformat": 4,
 "nbformat_minor": 5
}
